145.17592324412115
147.61530492038267
147.70600154334807
145.7196479292738
148.46548343163815
137.10942097520132
133.14893543888726
141.4701294304934
137.46770593461005
129.1808143341512
131.9219529937796
117.74690291443851
127.73871888128377
127.85285504409973
131.67677328796358
136.75252581840866
127.16628170701105
132.040738821028
138.35319879563042
83.70377134875152
91.13606690471434
85.81373236926434
86.81500330500727
135.81094139119568
130.47187269192082
130.72484511700392
132.88313545151954
135.44144112210972
151.68713406115094
151.73025016799508
143.779520862395
128.7024662819617
146.5962854110844
145.9843068856279
120.99968987680305
118.30858981256166
113.89691258779825
118.14652075796394
109.63990592919993
112.99110409738331
127.26547483994473
128.2523085355884
135.55605581499069
114.56036303625172
114.3369430311578
113.9188954423898
120.94100437336165
115.28166186569395
109.52859964094813
130.26129639460785
138.9107518977848
129.86240467870988
123.89641523048205
121.10243008414497
112.3227951970912
121.44121085630991
116.38969202750306
131.91425361658648
136.13655147183198
140.2879417566174
133.3279211483869
133.00719849152287
126.17053785114398
137.55054917894023
132.70253373497462
123.71787919187753
123.9068748144682
122.0943614114001
114.54184670183979
129.11580540998284
108.67624834838648
128.30039411673113
131.6004011722581
126.36164422392328
119.09466155708355
124.94906230830824
114.93023493386022
102.58532988728561
103.95556824662015
105.82066804192405
115.33804760965093
109.89687875884762
113.9545734906874
130.13542358082506
111.17163634684945
131.51894578239066
129.1553343168393
125.62485904591708
114.28971502203422
113.94753479471187
119.30486163374097
122.96295478599993
117.45583825964769
132.4926862991168
123.02793475759168
108.34316759627059
121.66902290530753
119.41510529194049
130.9337305109765
126.73306898039232
132.1153246072135
130.68659942043706
118.79530383275495
124.72286516997798
119.7357244576133
125.44311436114707
123.44764904873522
133.37708698997443
117.07846149721847
121.73111301370854
139.05828616145175
134.97910725888295
134.33071133549558
134.3640891631974
133.0960307915959
122.9646173002657
127.17905753031407
