491.07197708841807
479.75564653630533
491.3341788056093
505.9079551066479
523.9583678399665
489.60615248763435
500.2678609870526
476.1118542814574
485.6164552674652
501.82889591781895
512.1862584478422
532.2031763569045
491.9694614876476
519.6365095848168
538.1661674927514
541.7083902479037
525.7853596941827
489.7398497020984
529.4466742218774
512.4732185292095
503.38077972510223
520.5188771146187
502.1947869050139
474.2699292644972
512.9115350441368
488.55695652099155
524.5149836172241
536.3135583325377
521.4384742730183
474.941435804694
488.81786108796217
521.5004244963503
534.8206532421418
520.8148508413408
515.6484540881831
520.9424228387157
478.65006420321174
511.5181151522947
474.9724012536528
480.13253350866165
513.9652744501971
550.2867304463035
495.49891329461417
536.9883704428613
537.3748363860929
496.3562958704937
487.26445432834873
492.2658514461921
494.40903436445126
555.3936040459009
548.3211855005258
521.2479772994709
495.58444154290856
499.8005715910877
469.8182319045595
515.2126026402353
498.76951860545245
543.2360167684017
559.234847611445
553.9353799606107
531.9251517480473
486.09828525036914
455.77251482240183
489.5408302828279
479.1224919472236
499.6021208677579
484.6971670264079
461.3791953760745
457.8097882735485
453.1972082780451
499.40663849238814
475.53150208436296
492.94914638016115
489.91368059197947
459.7805931607243
470.17519328647643
471.01084566637394
491.36914393170383
495.96496999416934
497.6387545729192
483.5425320154809
455.809883520823
451.55789005567794
484.1538970069757
480.52382443565165
476.2492896734356
469.53461606993613
463.4188644024997
503.91369973978254
635.9734767261531
564.7184562253382
559.9649176379451
584.4783232880709
586.1628164743474
586.9475609310113
553.5341047359304
533.1790615330623
593.452737469446
589.2796439384621
545.6371076724292
581.2932334595118
552.7334691575049
577.6168800086784
561.2327902858169
545.758938822481
587.3153430120371
584.8563018046949
545.93172952657
547.5880577179996
515.8900715641007
554.7393379703958
549.7513326289659
521.2159202970514
522.9130499262491
516.4819278243199
545.6714997547612
570.6085511217594
567.7668414366625
597.6158656690969
585.593940963021
577.8700092971486
588.3304652223154
564.9887058757696
588.2773506899748
579.6093566246502
597.3696627003545
544.4691012466328
588.2880173675247
600.274521419452
597.8076607654177
577.9617175497146
604.4992636394635
609.376121336352
593.0746173714706
558.4872930273567
570.918442587721
574.2125845796163
581.3026339009118
538.9217609555097
559.7633309441502
565.8785862222974
576.5908540129467
594.4953519196067
600.432321261863
577.4675945117584
580.7137928843218
597.7801615633438
587.1767230396864
545.6050790404788
535.7331813034509
542.9068890104838
540.7068589937021
540.895689888892
590.6745353776342
587.4712553087282
591.6247075997318
595.2738320003549
607.5213988946007
607.3095176220111
598.8695039396135
591.4439474669056
586.6472085548386
579.5460450601806
584.8272706807771
556.4627913776668
564.2704614915831
607.9577445049259
602.4204402106544
595.0749310265721
611.7959275150303
615.5365705180324
588.7218389672986
555.3169329619271
602.1183470061595
608.5175234941122
588.9710196809766
548.2861232432455
536.5150376193154
572.9488923858503
578.8615797247484
601.4820571842561
577.8232259626581
568.9545098111225
578.4191798021825
592.8987773562359
624.8086261162896
613.9081177555548
547.4877201201853
575.5804358215319
564.9914398146954
565.2707882472038
527.974152557271
517.7053329962705
557.6848719963372
566.8079926588708
550.2899042566775
565.8571479378813
567.9952129363454
569.7406124821334
575.9857622079439
572.0516824674929
546.7129013738241
516.5501060361968
570.1484672999304
571.2880442718752
476.246942618183
504.7226135366073
528.2996912123258
507.753066619785
514.703792599693
520.3554487145635
535.7078602897168
516.6461351126158
512.8654194981349
528.2436443744317
546.9394357554605
552.2809484304149
556.2239330072631
558.3424278392004
560.6791367863165
564.6894975741059
571.5000871567606
589.6184178277713
537.6693838698421
537.9182891360437
559.6957879886587
510.488184546174
532.9434733504991
514.5334216078195
527.6789369169065
568.2501427940704
577.2500073506995
521.2269323719408
513.0387874580985
542.9685876382994
526.2231599028545
561.4729341272761
547.8650060625062
544.3165844010883
526.3568156573234
603.206178859003
543.3605569957107
591.8161458043282
555.784201221918
576.9507076393421
568.3210762541328
564.7240317895931
563.3203562434737
531.2839339200108
512.4885103297769
537.9660204522502
524.499549803554
549.3534659059752
495.91928475994257
478.6924310179148
482.1839740228266
484.1349312442651
478.9768438644834
477.24045606523714
483.2974918149301
495.20294708692217
485.28368924594946
488.5038881522936
487.08315655525183
490.9630128104669
508.7797070361084
497.8534832563393
511.1238029540432
510.3742189419225
525.466097019327
591.7109385557186
587.8520611502909
479.01778265897786
632.8996664158831
736.1558287626389
617.207302762051
572.0631282104878
599.4564219084598
596.7408879455634
600.4541757456179
599.807367065608
586.6242900205891
596.9503110500088
660.5554574066082
618.5814560337999
667.6083809237501
589.3274842267548
500.7094648351578
384.66402982038653
638.5772797209885
354.0728842296009
312.9884945429406
359.6381094770433
629.30618049641
569.5548803627082
381.90615992791334
679.6761811973159
507.2208195503065
497.4837491738723
508.6986565811158
494.9571243391041
493.4437448140211
535.6049554598163
498.6086445679219
511.78134704906813
491.95165544980136
481.0682938682604
482.3969820645551
498.97410823352374
472.9844610415014
442.8785848359672
455.6405540324726
479.336560811585
500.56802781244687
441.186210416762
496.2655666625847
495.37721275887395
486.687529085576
482.3691316017581
476.49111178103783
444.6591683028367
457.5079707653006
448.2331331723819
439.73367222328227
485.7817523463416
488.7012046625609
499.3609672708226
482.22641961105626
489.8717040703191
485.2254787238317
446.98117717564793
455.9114123093856
453.69031915457083
547.2877640821256
531.3790883177126
539.2360265746298
537.8180448612445
563.2782580492833
546.7449686224062
526.5347212751286
531.3703781761583
558.277265975291
537.5185360469661
516.8927634944258
497.4509241164297
501.5587211137833
477.8040253343809
510.029403843897
472.4536177850112
494.8807253322226
491.17087213290387
598.6287346491717
544.9954667277077
524.5860842681716
539.1916029702652
543.9638171587741
532.3243303093763
522.7436684602212
552.613676857732
550.2774614808673
544.448878900089
545.6302465702184
548.7383160256387
548.3843261750816
547.8849117545026
536.6616493199683
544.7875660812698
546.2985204681063
548.265271902185
543.3526800447448
499.1695303698723
