368.3903508084471
414.5208139390864
429.61025379001467
472.54408946248657
460.6117043332471
933.438085829632
457.2285639668751
492.86940686758646
483.4597455965041
482.77246933520235
427.69105153677174
521.631102484323
478.99597653358796
434.39566874564105
506.7323946223999
535.9183260471104
509.352154994063
533.5921221818043
488.83456950284824
481.59139333363845
498.93064863983903
442.12675544531993
510.96132022805875
596.2561704273918
452.25369095917915
435.6947522565691
474.48494659047606
1004.2078002115119
510.83842101235456
491.56894319371344
522.6841942098584
471.9862180024343
555.8722463865311
620.2689557876669
608.8439532947706
478.0215854189645
600.7807750951678
1520.7122405053838
568.0078606697681
496.8367561029362
507.11391984784984
475.1339258799061
495.9215432202098
460.64903150289797
472.3026451444442
884.7844830771486
507.87044225018195
437.75752610628973
384.92232267528414
447.1479595630526
406.773386546355
457.15088794073887
568.2739731718756
488.79446192875895
1177.2122095893428
493.5252780350581
458.4241276108952
528.5113384165
484.1569114694182
58.27621523441015
55.2297983698136
57.97336703518403
60.040451516006634
59.9719211465192
59.97024276553974
59.971406419929224
60.02514364705688
60.05667775122594
60.080077879539644
59.87344549825035
60.00314967352877
60.06673118424416
227.5335364647224
276.2821085690941
244.11953407644648
222.7351233912631
238.22020996470155
194.45393446124592
250.238773650555
1202.1402293079989
2067.6712402727967
910.1070707792943
436.803875060098
447.43864347789264
229.83970978639496
275.5168103548169
648.8601706332286
1551.987801136502
1682.5562552948097
1109.5145818777821
378.10302619096717
301.4643280355137
334.4849171194159
275.80280099728697
248.4672613449503
981.3407352940295
311.67626186679894
297.91997869372284
1252.7537086208852
