132.82302659935903
162.3250201014143
171.6195366492024
179.70182076879834
187.10989949710233
190.74247857966958
186.6212894173853
190.03664722422624
211.29398228758427
207.69927222374724
184.45020926125497
190.41047014338906
198.7198646068637
183.98576009887893
178.43064565278652
220.42816525369886
220.90668861669823
200.68418330073962
217.7518934925546
236.5653112405954
199.85005250560505
230.6143896790177
263.00279858887046
195.4592034758231
434.92399802887655
180.27563447312355
319.17336872919736
187.43146413982467
