298.66646929675056
59.97844272805001
326.6819888045423
516.8691760431009
419.75281805926534
454.19816990580256
482.0575645407942
517.4127794405956
524.6267065885672
654.7432587996432
613.2086840089437
330.7587802676211
430.6269336766671
592.47570817375
606.8959173501745
635.3139137042542
591.6264866752879
685.9520690991717
637.6888078617635
587.2959056211484
608.2835939971699
703.5565072774725
632.2531509654222
609.284243335142
596.4424998274288
584.7479736233684
642.3765472234812
659.3650038080027
599.5159909564732
614.493196735992
450.9890445741292
462.8425756689506
474.4754154795949
184.90213278033644
422.4412158816925
485.8373605234725
487.9894067259588
489.93853280161323
525.3515848064526
493.7334254238788
465.129150790246
484.5389815097307
501.7472026998749
464.72182541557726
490.3716500269467
467.70538442735767
537.3467432654382
538.8726013562052
537.7152351526222
538.9365434656065
497.68685095419795
539.51722218552
536.6215251312971
538.9381347525737
413.3574551213802
510.96595411093807
581.0462607897533
580.4968062119808
578.9768275185945
571.8150178417281
581.5875817061226
582.6440528431692
581.6371067212858
581.6901534327316
580.2615446517376
580.7922215827288
567.8980622978175
580.6174213106023
581.6984620597298
580.9017083098549
581.525451389123
579.9052594903761
580.9729847562088
547.5122804406817
441.9247070780316
482.89452762595954
497.67758803511043
622.0722308996084
556.8678875845407
501.217432682178
499.85370931445607
486.4019891831828
498.202875399361
565.9607834453935
513.5885087780589
500.27776549911516
388.5051737808261
517.3700161219489
503.23836936074565
517.7795341343814
498.6523351040944
580.9206073233589
727.352656136039
782.3814296821575
475.2881765824423
533.728865736206
525.2481293632379
517.1393291516076
516.06190730945
521.9279087076097
513.0478473263432
526.5081029621928
501.6649710757066
537.9377116544298
546.79073826335
526.331843830195
526.8637524598513
113.92669762599358
523.769105294006
431.32154710765485
193.9043648160378
510.78570394419586
516.9638554381194
519.8393914612928
512.077172924743
510.598648017515
516.3613044407564
629.7711046538448
723.5438960165486
304.423883396699
560.7594106609312
719.0042093682018
723.4615037285453
267.8195118780137
508.8232191000264
517.9243183089872
518.2763566370455
500.7340686486199
543.6263248549528
560.3739451850737
590.8593218539288
554.6243113570945
526.3451823801238
526.7647121130993
518.6490473051072
523.7132015579969
539.6863974091343
