238.9954093761767
227.6902747407923
274.84055812121994
278.11537284697135
275.65232220687136
276.38061942388504
278.21340945316035
276.4454965004181
278.09999887862904
276.1969000641084
105.93960552592335
544.8428128484932
544.7115300337902
546.222929604771
540.3465632238659
542.1062700505379
546.8629200592804
546.0277975065396
548.2945275251528
544.7451273735301
545.0011719920807
546.2963702750857
547.1374831701933
547.1031382023699
547.4288264482046
547.1793906903465
548.9966604533145
544.9942131795771
547.7122681233377
509.9546140393505
582.8585926808219
584.4666496346091
582.2913031538835
582.210013787542
583.6336239925387
582.4573198554322
584.4655302356862
392.95636412804527
310.8322283047725
576.2978289281708
575.0469557037626
577.3896748633032
584.1847701532512
576.2925766578643
584.5968964714102
584.0460093195952
584.5401130660453
584.8315199812292
583.5743554544904
583.5123779616459
465.56072390344667
242.34787431107426
159.38085457161108
310.3258815700724
498.9552709880812
200.53041777252687
417.59608019143485
478.4896505945103
503.69251687353443
496.7699542792625
507.5227170090385
485.00208783419345
502.47399364181393
461.9045589705027
474.9697999952069
482.8456902429294
