2617.5916339334553
3716.0958738738864
3330.995739863324
3733.685369381441
3469.9609378990044
3760.134581650064
3799.8719443154764
3732.286760000164
3750.2857443862413
3735.7530056467153
59.51948137104713
55.99230665706532
60.02093845197144
59.98234719522045
60.01656850842102
60.013456787900736
59.99842804118532
59.98495577309211
59.97161543441489
60.015245840156375
60.01459043239529
60.0284160744683
59.99296282546057
60.002535844875545
59.98719420913129
60.015228126244885
59.99380863894846
59.98835635837241
60.01584221461213
59.99152447609943
60.04317005495525
59.98626314573963
59.99458248920123
59.99982098414067
59.92864895055946
58.967927344317424
59.31557537047273
55.99944000559994
59.97867158438459
60.0460247858178
59.99419138206061
59.99123537885744
60.00837953076792
59.99687622821474
60.018924655685694
59.992692890006
60.015080510722434
59.99754895259033
59.99229738240821
60.0254980443496
59.99714413593913
59.97917247817323
60.022544861440416
60.01637955224239
59.980356433268106
60.00486137745783
59.3774394231363
59.06921681602154
58.47044487485739
58.98850903843931
53.96739829469018
60.021204212307794
60.04325870710918
59.984805848678526
60.00250633419901
56.12641480413949
59.20224968548805
55.97219301451039
55.31101830053933
56.08896378788256
59.99868002903936
60.02486013223575
60.006396091596514
59.9937786451545
54.48950418216852
59.919869158973704
60.08293020313743
59.93993419194625
60.00039344520292
60.04973102150401
59.956381732289756
60.06601550510645
59.963134664808074
59.974864534273685
1033.4034162078233
2100.420703969845
1430.213668525045
1444.7191182072172
1418.1432996326919
1416.1617738460604
57.456814764578624
56.09755857520074
59.98395576684767
60.02806164271809
59.99566231361472
59.98801439472393
59.99257891798784
59.99962800230639
60.03214967648576
60.00453083391838
59.98388832759521
60.0201352794813
60.00679749132238
60.21705781429849
59.78344046525865
60.002051873446035
60.006756170514414
59.99989770509244
59.997888074339784
60.00882228062644
60.007257927032555
59.99326875524566
60.011012512689625
60.00609504532624
59.98830827871648
60.01612564425097
60.004873182651586
59.992512934385786
60.00837362748061
60.00011606579829
60.60068993388763
59.40324098142471
60.013793334140075
59.99984459056647
59.997882074762764
60.004743325775685
60.00843266040599
59.98540682889605
60.02335991088991
