550.5821664973382
583.8430945037245
590.7538582696749
587.4467015751874
585.8668968996934
583.8576029692118
585.8337368704738
587.7999816588411
585.5569026506383
588.4536002363046507.02473791661737
632.2008349245718
627.8537901207555
632.9585412155503
653.4260305747431
651.8785082144678
653.8717757447764
651.9538097215399
656.6885928800186
647.8089611373606
654.4169145291545
657.2827730380609
733.5592042741516
634.0268322152328
605.4523078423258
617.0379144837369
519.2797071182563
652.7542380293819
636.9827385665093
664.0961651192727
670.7902298205187
669.9639008273705
667.3648688543113
637.5585544568941
573.6036972056006
625.8315887194756
640.5149380374243
652.7798826235793
650.4244394135629
631.6804328690116
657.4625243863142
645.5599218013081
653.8728871107456
634.905359669394
647.7892741491193
642.9895835687462
631.8514204878372
619.44516296753
587.5437722608394
634.6390807547748
656.759560324965
651.1934968541461
495.85739141422926
636.931292983503
669.7608953603564
646.731218505589
652.3902108698999
491.8742964850643
454.1545458973575
522.1153799118155
476.3520659199357
575.423943090572
568.4809200718823
563.9105074024752
559.721706367594
566.9778878623733
564.0441144392598
553.932184927116
558.4860811081643
558.7367232560018
548.5047002556691
526.6372522606429
548.8752955328549
588.1362630840348
508.4504667355522
603.8813098734594
633.2292333771334
668.9664178858221
645.2908253829042
576.0071940004209
620.8241205266548
584.8302237860349
512.425007898637
618.9578489704851
636.5264879456173
613.6998155707319
585.2505281736209
608.5517407877358
513.8044460278418
473.42535630252
542.7138812418093
529.6035917116038
502.97985625554253
514.4243077571889
541.7478041255442
539.721773425799
524.432563965789
475.8927337778065
553.6136330454975
530.3320997535703
535.0217127981485
518.0503101713938
515.8958922089522
516.6596246392876
495.2581528129015
516.2832955291465
528.6257329810494
518.0751322738647
521.3372760546793
519.2809516662278
506.99159372009075
497.8762932062335
506.564143934019
515.8581479894254
475.43010193680834
430.4309702573198
491.91666931621785
461.2780997738539
467.89827891416405
471.21881345106084
475.4391807136352
477.49767244858407
489.0677390757738
491.0277160195098
481.22080726887026
425.3600458110772
479.7504338243246
493.21323640846305
467.69319326521804
528.7898589100691
464.7619953821648
403.831400390337
488.8872925222194
441.230538064669
432.6885940188846
8.164136147311496
8.954102167698593
8.917005859661783
509.4454686074208
539.4103166418471
612.7435668172869
624.4785604020643
616.8634264373868
573.918737099305
583.0789684614183
580.1202476444472
591.0805741668834
584.9960220270502
553.9169678465198
640.6455948569252
597.7208643563456
590.9714142534918
579.771917727566
570.5094189506443
551.853096705657
567.3093575880723
510.48471672693586
639.8974244428618
494.3830667867029
494.794384003936
548.7460951817594
549.8479120675221
546.5419431974062
28.674915352144275
31.29984439086737
587.5261926334356
555.7459685177905
13.192328698554158
14.554745589354155
534.2092101062797
489.25637922920953
556.8326161155957
539.4727732586942
576.9478202601915
28.414516055230372
31.378049407092146
31.187363348181766
30.929523986644032
31.0426990385106
31.088651719178152
30.895499063966042
28.729568571040794
31.456825556075575
31.452988495872876
31.46889319575658
31.45450960355326
31.43144600269112
365.5650141896158
478.3553205345156
513.4152713474624
499.48268578233524
434.4049078362047
521.6082200659085
521.8866462204409
532.1811860271786
12.997032777416916
470.4181398028778
596.5471014405863
588.7981599907552
584.9894891564312
503.39260648102
629.1253270577915
461.3917011811628
555.4786277599845
8.215684728027973
467.20957484128354
476.2835478593814
449.0033920709593
492.5011947899168
495.53291067839456
108.23624178347906
123.5572819032126
338.82623676762535
328.68525100363894
488.6492475700942
548.981005257218
432.8883148147778
519.0828195144055
469.9758755695464
491.76607813392746
560.5741224798302
509.29391491635994
482.73420654587585
529.1390378714793
522.7094780720876
510.39599737670443
521.3643525813328
524.9671271772787
523.4681563531452
504.20799008916794
583.3987492490239
531.9689862081041
468.78585861978246
634.8583976293828
501.09787349834096
631.7730671142925
502.9022860858135
647.56412458774
635.4544476923228
667.7046742225914
653.9876924508553
669.3656421809052
633.8023804177857
612.6697709934346
633.71432158383
636.6355261612727
623.6580749201942
609.9949980410161
242.37099878395588
227.71269489285368
259.1386490444412
54.163610936283014
60.812030015222945
60.30466907417405
57.275290027749875
60.100636051928134
60.75055820799796
60.96597488941422
60.849233853281724
60.95235354523369
60.66484493120855
58.97438152866395
58.83300252234034
380.8808197991023
473.2986187768346
473.10158009939124
435.8853185726835
457.4736765351463
223.55573105889448
258.20017332309703
248.67085925069577
254.58291680739444
596.8157385300349
663.9588461333783
596.6210859483142
647.7627245140105
551.5845465195615
515.685741109368
554.5278749672528
535.8135368891626
563.529919499003
464.94508609416096
550.9322382290882
483.2094754220524
521.8358304477412
529.4519642717822
536.459034709399
565.103519776227
477.0466699348023
501.52315178728065
520.167939364193
435.1104601752178
573.8388660464142
235.76355943775727
521.8021326313062
535.2953372180862
558.8255346680767
579.3144392925412
576.1552987165517
577.9467133130325
490.43928077029534
609.2435631919409
525.2441736341405
537.8205830534934
517.1603901066618
540.3598896746913
497.7596327710977
541.0481880276218
424.54599051774034
576.4232309151463
560.5928414192772
563.9230245071548
575.1223058490438
571.521293764343
652.237143437036
578.4886738611741
568.416634008517
394.84376032403975
368.684258800763
433.6063288140697
428.8131232408916
435.1567966750827
331.80499820255636
406.4696384157951
424.70444817451533
409.91666394222057
415.47587718093627
415.88858344849416
406.06766863281905
404.3455263310805
282.46729492849437
365.546612536471
361.96260926246316
368.3276179334625
370.70399286169993
368.045841156801
299.7671177979207
285.0487637704217
368.67232403839466
351.7777468195594
340.51813279028846
347.51285647778946
337.5890191281134
335.8043939405296
309.36444169099
364.3408345621102
400.7679153002496
346.6468984964091
302.32418451792864
320.1424983182546
136.32276214991543
125.7287653345438
166.1983588359905
134.42308301232768
126.25722872342011
129.23910477066272
114.18408619369434
221.79878414302544
234.39841646414476
184.24760647420194
218.45482414087402
170.95126179526218
226.915723500292
260.5076925625952
272.78234696535634
175.66490163364367
233.88698580845735
259.96238344311575
209.5542989615387
204.42330142435176
167.02655254908865
163.56736432136998
188.9725938020172
176.5900109715274
202.83741706037674
219.65474666918539
211.97693690926428
232.3958637126925
195.29763159772196
209.60566885518276
553.4361039536816
562.7251650293996
621.4680233719936
625.7765977546017
619.9111047475792
520.4681856079458
497.81570862466714
539.9403365928065
28.265217408255
26.545725651498472
487.6250163624173
600.6307922520027
387.55450609524354
382.53231599047007
466.80422230916355
580.0856110512998
11.538189725338201
456.89499944384505
569.4107168491329
553.2436053427754
549.3241664779821
555.8302494418205
570.7178941449241
562.6039268355078
559.7400007696425
562.4958349831046
555.251798201923
404.76252582609783
498.7633661100667
468.5750024727572
475.97667714282
483.7579758846649
483.9646705790477
454.20722670650645
463.8659427425474
462.60752377682775
458.4898841548893
443.59552959611426
467.24101369735
474.2984177804192
464.2923256372637
449.1348315739391
445.5723396683863
436.7868043607915
445.61009117022604
456.3422738806558
564.4843435521651
504.520654925755
595.4744937592575
441.1804531455034
504.67054637967203
505.9027149079232
492.20238603343284
503.84543817841416
475.18202166790087
506.8801228509457
495.6382339522163
508.9299712359579
494.87326295735664
490.5533511737563
470.71578181094253
464.7635283167924
480.4990317095396
475.33662021283095
489.062369624955
303.3992088865628
336.9610144081738
331.28783055066526
318.96233054876217
314.9886604082253
301.8056615763766
375.3392153114442
497.3212559498796
425.8855621724086
501.90203909926646
487.5101498014795
498.87273756464725
489.15763667721893
505.61719721998475
411.2810396146496
444.7521396325828
493.78214331836796
634.8974640595544
445.27024659285894
471.82990900864945
451.8768149886642
396.1471463257352
455.22128376178966
577.9626149025115
541.6862553209181
446.18784887747324
537.9629150922851
522.6021952090069
512.9811222946995
439.2068363741918
482.4204201072831
476.3884601337263
514.9753326815645
428.3033990237062
504.9665858819925
506.99097556063504
499.94496613795906
540.4011814508343
551.2243721858972
556.6434698575563
502.781208073509
551.253958212757
485.5616349559618
401.1370899376098
479.06520007509346
466.5203704071844
460.08434014624095
464.97131127009465
472.9059862899256
444.6229597301488
373.99764381484397
354.9187236122928
326.00126253210664
145.95393693750253
149.57574336152936
250.41155788013745
293.30161951377573
280.95926090716847
360.4924626618184
347.61887067019717
359.5077260706914
288.72328760116307
173.96828558153848
178.02913591022715
193.64584112117348
171.77149030136465
173.65063229288992
454.4180722167193
569.5706007241141
407.7643937333009
364.42049852324834
414.15776876144673
371.10837501818133
206.9983762569678
210.32594740376044
229.32027178240975
236.78284148164775
230.51469740754789
233.77006376528047
159.8971062121525
175.3787383572433
178.64834859063419
175.2699131766626
200.64952834944407
365.6447395710328
456.496803573421
452.81114434053393
452.59610323747086
452.8932077816051
462.10808518478484
451.50091089309876
458.90840188298415
458.16325644475495
456.5229791390976
416.47665543478064
385.6482117012861
451.7140198540304
610.2732865703521
584.0077124956986
583.3940869013443
587.9710718232662
571.1353581812494
580.9582837014949
581.1607457670378
567.8883531497708
578.8941781442352
571.6758026523158
577.9679227802857
547.8606142804808
576.4136144300403
576.8939668888859
579.9683522949377
538.6274314056967
500.1337683132814
611.6807638093679
592.7650871959443
611.7856303151376
611.6060034126016
608.519107899017
600.1240589235952
554.4381323966293
554.5292601110917
554.9852649415808
564.3054528486339
597.0957581838064
597.930520473521
367.7969760692098
365.5935696286438
539.7161632697364
491.17879816734404
475.97777183805516
596.4091970494029
595.6525558641645
599.7304811217839
605.8461756560009
602.6989518735392
602.2353417865336
346.431324320345
393.65939293735187
484.6064511010608
446.96603922236255
461.7931958413079
496.5441724496912
478.577416141547
490.8514683456786
473.6368152900356
479.7533108475622
482.119553271815
464.0807488526726
343.5927052072473
480.9456709002525
474.3275932038742
488.98420581015233
483.14140940135286
489.1342324086367
483.1881472749486
487.26418235822086
484.4086823214902
449.5389977577994
606.8447691080621
598.9492091070678
605.0258478823247
614.7788640426039
617.2592888533759
478.6811504856615
611.3603336828676
606.3850649056792
617.7181352149014
617.848071159302
620.861216356958
610.667186383421
437.46301415013073
574.1338043294082
592.6615902319776
591.6343699593651
585.5274208186572
589.2398217060171
593.6234646363812
595.2726363656249
304.49151856786295
387.73742421632073
362.51075548439826
297.9718118665974
360.37097246755786
364.39932415406446
453.45499244458085
367.71053826427834
364.3770246010396
441.2576281663729
365.4516763048722
279.53703076963933
385.9055303261762
355.0551272952419
292.57126606670585
362.2415626665532
300.8141570137969
385.7852719176506
371.7112029172453
349.17552674624676
416.2224963767682
369.9561601950169
446.8872503467375
356.9572008316203
351.16622602953805
197.35496503228848
201.85004560112293
306.7374634050716
294.9043035534969
407.9410583447986
459.7030777820606
473.2136608597494
480.95930026608426
477.9757457743801
110.63009720697875
132.63243573085907
140.6783249421872
140.67003030990207
142.33591754311087
78.86646330433311
76.57264043646008
77.35364071356155
76.8892717597388
80.88864060847432
81.63010135870317
81.32553480960998
80.55963685704832
81.30372304620461
72.80467234456677
76.86309146148879
78.10833091592993
79.55709768149734
80.09861028911148
79.6479243153564
79.9998720002048
79.07936592978207
79.17185448490247
76.85922464414179
62.68700379007615
77.9913507592008
79.94632403804086
81.74279629146889
81.63163723696817
77.10790014922355
79.65284105753484
81.30903581365556
81.46418561197436
81.61593987174552
63.424687346021706
76.18363897978432
79.3003488818849
60.59809525285449
113.4686377164377
121.89535283958722
122.7438581168817
132.32994731178675
136.37332366575873
132.6460869753411
132.8691902821672
60.553622913332084
74.31648159220386
77.06904447723721
82.74686905288033
66.6510948486861
76.09913839962523
65.95218466611706
73.12792029926317
64.37871960433037
66.32991529669816
74.1067103033326
75.79509553872062
76.25222493099173
63.23103474031607
73.79989159394303
80.29259812275906
77.7248849970644
64.630160370297
70.74335724857363
72.24664807717525
72.25592295657775
77.74227657891325
79.7593739447461
60.542186043358726
75.71494836240522
79.49904471960389
81.52962299310359
77.62061372629002
81.10864839757006
378.95308560800174
362.3420954572782
17.88875164241101
69.7590383298012
68.88639943868566
65.45249641275693
77.21585752367557
80.46256638037556
82.16879688447602
82.00943266566128
81.89624564639058
81.58331322768957
81.83147625779469
81.46155541104407
81.8767100500067
64.88185662726741
77.64945155097313
64.51780681542289
65.14481148720176
64.88878063000018
77.3223776115633
79.82838493806015
81.30509349639566
83.58428519913359
84.77418699809319
81.0480901808262
78.58783822365223
76.65589170214905
80.11621400840903
80.47361404318214
71.48091985618834
75.30333123111534
77.30901205029447
75.30645764764822
75.05496047615657
76.92824902213705
77.3278661871017
78.99499961652427
79.26956268765831
79.31338403441407
78.02092323639876
77.46328786370752
79.70460675689826
78.91554458418601
78.76685797707366
81.61566367817312
81.10730060660347
80.56442841775939
78.87911204205992
78.44201839058228
80.00744365549862
79.87088870840287
79.4553336875717
77.30242293543067
76.47081431783913
65.38140041808434
74.67218908989535
63.88989215985171
76.68568836908165
79.71832327653469
82.18135047722116
112.63171681236692
121.51353272309636
139.4925817845007
138.92382806507192
140.19123675515948
145.4097092851569
110.70911180872258
114.82458248533715
137.88727715092912
136.39136716317105
134.82006913573144
137.9158161858002
139.89130445643735
143.8661756833793
143.99866210346494
116.30989847935246
127.76108676774432
141.87695012115992
142.74461560821535
142.39995506932885
139.10567570035485
144.7259180563848
144.62892556567616
139.63471558403216
139.93500019241063
65.82114420485216
75.29693743577468
79.71748919005935
82.31598707381146
81.76384149660535
81.29015002295455
81.0773318557484
62.70454870740047
76.39649822264043
78.41125691855274
80.60905414828623
81.49602855938873
81.20839678977265
81.28785337415967
81.34687408267759
81.1180761641359
81.2816168142721
81.36824877964992
65.53258881031046
75.84850020568916
81.75074198767956
476.5066250404331
467.61501256015924
447.6447938560752
556.9752146029501
377.58616556254344
499.77140455955447
478.37954173437055
486.63439158160475
446.08160718712315
483.7286765853033
477.68601698103834
486.84430719056047
478.4397470561972
488.35527336809946
454.24209706105364
454.60181427088014
476.448320489705
366.4033487868355
490.9731928636696
485.0501263375931
483.6445212768615
486.05345949298334
481.76008347842776
467.22398767886415
439.14875405513953
365.97724377366296
453.65281949723874
475.7628797807173
393.40674263211076
451.38250872806003
467.2038845806745
465.3635687833319
450.67146050529163
470.9855878410121
472.4745610406667
484.58451723492277
482.8382491865225
479.90819356257146
478.7429629032173
478.9392705005005
464.2469913799817
472.5227048158655
469.47573644511175
470.2391061024157
466.5394322724606
460.45233798919566
460.1706344655028
187.60217083652407
267.77389172582673
278.51819138073046
269.9916842561249
261.3865519013427
252.57479034046185
250.55989155049156
235.99294381098005
252.52384104532493
250.25059955457388
388.9253991222253
490.6270782469416
483.9641231907226
468.68612090483003
473.26388535272235
458.34809150944614
465.2584245970348
482.27947446514906
482.3288875858131
473.0476132402634
468.67600427824243
489.48036764171155
476.45112830019815
471.64357894738947
455.8934121202463
476.824199207175
441.77605942735653
429.4851761193857
391.9640177031749
471.29710749388363
485.85973229528634
495.66770437098967
490.7758088224732
485.22475640668904
500.7826974191136
478.67210960492065
467.8232840935196
472.6177939900003
471.83522755725215
460.61267080512
468.1734865268854
468.89899915558186
470.7710640315615
472.23083042340636
468.7631808410391
462.697118466252
452.86309948502566
467.6613196722933
446.3558927048111
428.3594740784105
413.7751132259617
459.87270723463746
409.2296252305036
64.5033244021038
75.702617408036
74.22071955503195
76.4611325224349
77.81209934250771
77.86544850498339
77.41916273160612
77.58908818895131
76.76272641265847
77.89140380481533
78.2093116798479
77.94850721613302
78.37006922061164
78.44594414112565
78.78498788955062
78.66283535510097
104.27164172820018
128.82117045117968
132.3512143472697
132.8489242033959
135.05876198187212
132.53811791288538
134.97127811201776
136.57742943333326
134.75274219334943
136.8487684260124
107.8918707671172
126.58385557479785
128.65800130094183
129.39020981916426
64.65217774892854
76.9731979324799
76.16861198334064
75.96191269697374
76.11344580594155
380.8102422562837
478.18817992693806
491.2530006871551
493.76393146436686
495.6256539435764
498.0982429409797
495.8284929242975
494.3201121177932
493.8113640589295
496.5234368053542
496.7615048015448
495.5556352618607
492.6625754021071
496.88859757642336
494.6656887711088
498.6855289054722
495.572321086902
492.3350522783928
395.9849921687968
380.4518069913062
425.91115812425534
427.5852850320474
414.73249753908726
63.18930647366546
75.12967530239447
63.29609676707274
75.64852936770471
74.61648618430988
72.42331487067925
76.30146769341357
77.12018211436646
76.87624462140846
77.18951014349332
77.10960002657315
76.65210674831211
77.14293428579143
77.27018312042756
77.37671508465013
77.22063529416657
78.1953773862334
78.69217196172015
78.07278419308763
78.63158742344493
78.7067778989375
78.00509955869849
78.23055554785353
78.11761467171418
77.9583546469476
77.92158859038564
78.28967775374032
74.81141538409976
76.58091096474543
77.80082211530261
77.92881981598008
77.81854272208065
77.69570477225945
77.60402546008989
77.83073372030508
78.1597900726975
77.4558263464206
77.50856469639895
77.12920357867638
76.91201797611349
74.15593490216311
77.95904811202675
76.81102184295976
77.62616790062417
77.28272358585497
77.31625371031285
76.82338304238556
77.26635595025235
77.14724521034296
77.65191751454928
76.05351401804542
74.36336777216572
77.37191798140238
77.37418214001514
77.46541889077663
76.77044868139775
77.18821921731343
77.38521317393963
77.25424928084217
77.39547938958384
76.67431816615743
77.29770398071284
77.02272032003533
76.85220552355764
76.52657599029365
73.97722783654584
77.09132455744144
76.4112588913679
77.08967119970406
74.66491134437757
74.95725463926229
76.12348375860986
63.4919627111703
72.08171499186119
74.38789179358729
46.31888998652613
63.53174562206711
63.35510208041327
64.51931177150873
63.88829132262239
65.75491171755516
85.15252798052661
96.41859586692246
97.34604871394943
100.91299281759267
100.8859484352939
98.19282551640748
100.89552268625837
100.40189586613585
101.58160568251486
98.31089958048058
54.66225287195476
55.93235540936791
57.61453571028392
57.84295060481287
61.46250425404793
62.48900862973209
65.17251114326508
65.82781418643255
65.84305649054913
65.85912075479342
66.41631351196281
66.18832594016318
65.15067623934108
65.72605380772939
66.7950327624651
67.19426682705016
66.74098491165635
67.4583365409111
67.65848702091324
67.3619543050183
67.60660393237788
67.28241288189076
67.28427030307803
65.28189265263178
65.54359373935537
67.81705670782497
67.55632384316004
67.00899063569064
67.33770671933267
67.82825884859535
67.27861846918783
66.06027931469264
65.19791568190648
65.40208109422042
64.90917259478812
61.42568824263781
63.431960450965555
62.64080509542183
70.76015139084559
70.57359434297972
71.3508004717477
71.05586649076392
73.29544751080242
74.8212594931967
74.55181684268682
75.54375350073232
75.72481601858846
62.22378319416605
69.9702486502739
69.86514629462212
70.90869087875542
409.70035192464695
437.6832486329643
473.4348608066551
459.9543398038898
453.41518509426544
454.42560603397305
474.39618853123744
495.4595032279287
495.4145191213024
493.5456418820834
493.8453770124574
472.7107482931194
448.6094406209954
447.88395326770836
459.4025011070602
472.9492525452019
481.6534022117684
480.4188373324789
467.96902045084613
442.1616614898153
449.3925112033553
465.5841867628021
454.43105232249223
467.5824021566339
57.20032233367847
63.608078822336175
62.89394194569697
64.05653057807471
60.386288115255844
69.02818667391134
69.3363334174284
55.59040434176941
63.54019771326771
348.0091136507024
398.19564479750903
463.51757091219457
477.7274564860747
386.74656497597124
352.7467278494041
198.5885840304641
203.94436357967524
216.33084542891928
214.711299187113
206.4918236220661
215.41553457160035
218.94795607084197
39.974324491379186
60.77947989105926
62.02374623427255
62.94609296598393
356.740114826349
486.842311775216
53.17073329235248
61.709692920624214
63.24198160844122
14.864682337279048
61.376379161887726
63.15392061019318
62.7002988415672
