109.03171117935835
141.50323873011405
89.77038530845803
103.57265920810735
92.17066677449644
106.948718089676
125.7252902408238
126.91131665236105
131.47475834043
116.88088668837588
147.43845117102492
160.86742915163614
168.28525884861816
172.46702515217225
100.52649007380535
126.23073726403922
120.65768209014206
132.14802844580703
162.80030914080788
165.2892726565043
175.91535867302971
185.60118018402056
187.92617106591226
194.21331952792022
185.06383607881173
286.57078552136926
168.31448875021812
87.17297257459035
97.91390430394554
116.55582904666895
119.91529183784574
165.65752795917166
117.94212579887049
123.5054471380252
129.99726608803
117.95577837868584
119.56591594217194
123.69326544036099
138.19141439608563
117.32868048884697
115.8637095184934
126.16119208220306
117.54062771874958
145.09802713392736
146.53986482445123
124.52300218781934
119.56499862201339
135.6909096768471
135.0848541470951
117.91087117248073
615.4110516235962
901.9931050967805
1113.3756961968184
1065.828441377238
1054.6443739171152
1100.958933232735
1356.5507476251628
1072.5612152068588
1062.7556724708988
1107.5714543381946
1232.5084183121587
1167.607044795559
58.33731724475817
56.298209045324604
59.97801805638234
60.01756645297461
59.99491243142582
59.993442716711066
59.93425506977477
60.09874716772339
59.9692777390143
60.0177258909779
60.023312661042056
59.97703764365361
60.02926082034807
59.95471944385609
60.05134488432437
59.99202106119886
59.972273146765815
60.019745512343306
60.00013377079004
60.19106221930367
59.842220002740774
