316.8116554708226
386.5689369783754
354.3392989431905
388.9935038084864
390.5963967432452
391.3579772383405
375.5737238234604
384.3429438319629
374.9634035718114
382.2074546220956
380.2638851710858
381.1550174418332
380.2177779653918
380.76891134770307
377.54464340558854
379.1603872384991
345.95312335178585
357.20457684827426
376.40900022874087
378.74173601021465
379.8247488608756
387.9967796267291
379.27066251598177
377.59114430894226
377.1075749239425
359.50341792881494
343.0748301056541
343.8375711313975
418.3298773694419
